Mean value of all 4 cores. Run number 0
Alpha:    1.75
Beta:     0.535412
Step:     2.45
Energy:   -2.88581
Variance: 0.262177
Error:    0.512032

Mean values for all runs.
Energy:   -2.88581
Variance: 0.262177
Error:    0.512032
Total time needed: 33.0124